0: 0, 3, 15, 32, 48, 52
1: 0, 3, 15, 32, 48, 52
2: 0, 3, 14, 33, 48, 52
3: 0, 3, 15, 33, 47, 52
4: 0, 4, 14, 34, 47, 52
5: 0, 4, 14, 35, 47, 52
6: 0, 5, 14, 34, 47, 52
7: 0, 5, 14, 35, 46, 52
8: 0, 5, 14, 35, 46, 52
9: 0, 6, 14, 35, 46, 52
10: 0, 6, 13, 36, 45, 52
11: 0, 7, 13, 37, 44, 52
12: 0, 7, 14, 36, 45, 52
13: 1, 6, 13, 36, 45, 52
14: 2, 6, 13, 36, 45, 52
15: 3, 4, 13, 35, 45, 52
16: 13, 36, 45, 52
17: 12, 30, 31, 35, 45, 52
18: 13, 28, 33, 36, 45, 52
19: 2, 3, 14, 29, 34, 36, 46, 52
20: 14, 29, 47, 52
21: 0, 3, 11, 29, 48, 52
22: 0, 5, 11, 28, 32, 33, 48, 52
23: 0, 5, 12, 29, 32, 33, 48, 52
24: 0, 4, 12, 27, 32, 35, 47, 52
25: 0, 3, 12, 27, 33, 35, 46, 52
26: 0, 3, 12, 29, 30, 34, 47, 52
27: 0, 3, 11, 34, 47, 52
28: 0, 2, 11, 35, 47, 52
29: 0, 4, 11, 34, 49, 52
30: 0, 4, 10, 34, 48, 49
31: 0, 5, 8, 33, 47, 52
32: 0, 6, 8, 33, 48, 52
33: 0, 6, 7, 37, 47, 52
34: 0, 37, 48, 52
35: 0, 38, 47, 52
36: 0, 39, 45, 52
37: 0, 42, 44, 52
38: 0, 44, 45, 52
